1
38
MAP01 1 1 0 -1 -1 -1 0 10 0 0 0 -1 -1 -1
MAP02 1 2 0 -1 -1 -1 0 0 0 0 0 -1 -1 -1
MAP03 1 3 0 -1 -1 -1 0 0 0 0 0 -1 -1 -1
MAP04 1 4 0 -1 -1 -1 0 0 0 0 0 -1 -1 -1
MAP05 1 5 0 -1 -1 -1 0 0 0 0 0 -1 -1 -1
MAP06 1 6 0 -1 -1 -1 0 0 0 0 0 -1 -1 -1
MAP07 1 7 0 -1 -1 -1 0 0 0 0 0 -1 -1 -1
MAP08 1 8 0 -1 -1 -1 0 28 0 0 0 -1 -1 -1
MAP09 1 9 0 -1 -1 -1 0 0 0 0 0 -1 -1 -1
MAP10 1 10 0 -1 -1 -1 0 0 0 0 0 -1 -1 -1
MAP11 1 11 0 -1 -1 -1 0 0 0 0 0 -1 -1 -1
MAP12 1 12 0 -1 -1 -1 0 0 0 0 0 -1 -1 -1
MAP13 1 13 0 -1 -1 -1 0 0 0 0 0 -1 -1 -1
MAP14 1 14 0 -1 -1 -1 0 0 0 0 0 -1 -1 -1
MAP15 1 15 0 -1 -1 -1 0 0 0 0 0 -1 -1 -1
MAP16 1 16 0 -1 -1 -1 0 0 0 0 0 -1 -1 -1
MAP17 1 17 0 -1 -1 -1 0 0 0 0 0 -1 -1 -1
MAP18 1 18 0 -1 -1 -1 0 0 0 0 0 -1 -1 -1
MAP19 1 19 0 -1 -1 -1 0 0 0 0 0 -1 -1 -1
MAP20 1 20 0 -1 -1 -1 0 0 0 0 0 -1 -1 -1
MAP21 1 21 0 -1 -1 -1 0 0 0 0 0 -1 -1 -1
MAP22 1 22 0 -1 -1 -1 0 0 0 0 0 -1 -1 -1
MAP23 1 23 0 -1 -1 -1 0 0 0 0 0 -1 -1 -1
MAP24 1 24 0 -1 -1 -1 0 0 0 0 0 -1 -1 -1
MAP25 1 25 0 -1 -1 -1 0 0 0 0 0 -1 -1 -1
MAP26 1 26 0 -1 -1 -1 0 0 0 0 0 -1 -1 -1
MAP27 1 27 0 -1 -1 -1 0 0 0 0 0 -1 -1 -1
MAP28 1 28 0 -1 -1 -1 0 0 0 0 0 -1 -1 -1
MAP29 1 29 0 -1 -1 -1 0 0 0 0 0 -1 -1 -1
MAP30 1 30 0 -1 -1 -1 0 0 0 0 0 -1 -1 -1
MAP31 1 31 0 -1 -1 -1 0 0 0 0 0 -1 -1 -1
MAP32 1 32 0 -1 -1 -1 0 0 0 0 0 -1 -1 -1
